,LH,FSH,SHBG,DHEAS,AMH,ANDRO,CORT_8,CORT_23,GLU0,GLU120,INS0,TCHOL,LDL,HDL,TG,WBC,NEUT_ABS,LYMPH_ABS,MONO_ABS,PLT,RDW,MPV,PDW,PCT,PLCR,TSH,FT4,ATA_TPO,ATA_TG
LH,1.0,0.26278869212213807,0.0,0.0,0.15002500466504448,0.24163224353382703,-0.0,-0.0,0.0,0.0,0.0,0.0,0.0,0.0,0.0,0.0,0.0,0.0,0.0,0.0,0.0,0.0,0.0,0.0,0.0,0.0,0.020032096496425632,0.0,0.0
FSH,0.26278869212213807,1.0,0.029235107038209297,0.0,-0.03758184740551433,0.0,0.0,0.0,0.0,0.0,0.0,0.0,0.0,0.0,-0.0,0.0,0.0,0.0,0.0,0.0,0.0,0.0,0.0,0.0,0.0,0.0,0.0,0.0,0.0
SHBG,0.0,0.029235107038209297,1.0,-0.12182029155433403,0.0,0.0,0.0,0.0,0.0,-0.09725172579539298,-0.22773847399013458,0.0,-0.0,0.19103316067860474,-0.08979108213461687,-0.012619247574869713,-0.07649533568295065,0.0,0.0,-0.0,0.0,0.0,0.0,-0.0,0.0,0.0,0.0,0.0,0.0
DHEAS,0.0,0.0,-0.12182029155433403,1.0,-0.0,0.10603137239432982,0.0,0.0,0.0,0.0,0.0,0.0,0.0,-0.0,0.0,0.0,0.0,0.0,0.011336984225039376,0.0,0.0,0.0,-0.0,0.0,0.0,0.0,0.0,0.0,0.0
AMH,0.15002500466504448,-0.03758184740551433,0.0,-0.0,1.0,0.2001291930608129,0.0,0.0,0.0,0.0,0.0,0.0,0.0,0.0,0.0,0.0,0.0,0.0,-0.0,0.0,0.0,0.0,-0.0,-0.0,0.0,0.0,0.0,0.0,0.0
ANDRO,0.24163224353382703,0.0,0.0,0.10603137239432982,0.2001291930608129,1.0,0.0,0.0,0.0,0.0,0.0,0.0,0.0,0.0,0.0,0.0,0.0,0.0,0.0,0.0,0.0,0.0,0.0,0.0,0.0,0.0,0.0,0.0,-0.19059664273906518
CORT_8,-0.0,0.0,0.0,0.0,0.0,0.0,1.0,0.013466562054234193,0.0,0.0,0.0,0.0,0.0,0.0,0.0,0.0,0.0,0.0,-0.0,0.0,0.0,-0.0,-0.0,0.0,-0.0,0.0,0.0,0.0,0.0
CORT_23,-0.0,0.0,0.0,0.0,0.0,0.0,0.013466562054234193,1.0,-0.0,0.0,-0.011389815092814113,0.0,-0.0,0.0,-0.0,0.0,0.0,-0.0,-0.0,0.0,0.0,0.0,-0.0,-0.0,0.0,-0.0,0.0,0.0,0.0
GLU0,0.0,0.0,0.0,0.0,0.0,0.0,0.0,-0.0,1.0,0.04664409001733023,0.16314172869356702,0.0,0.0,-0.018886762359553118,0.0,0.0,0.01880875076049039,0.0,0.0,0.0,0.0,0.0,0.0,0.0,0.0,0.0,0.0,0.0,0.0
GLU120,0.0,0.0,-0.09725172579539298,0.0,0.0,0.0,0.0,0.0,0.04664409001733023,1.0,0.00824540529590349,0.0,0.0,-0.0,0.015024253067841765,0.020934457925520258,0.0075443412667517175,0.0,0.0,0.0,0.0,0.0,0.0,0.0,0.0,0.0,0.0,0.0,0.0
INS0,0.0,0.0,-0.22773847399013458,0.0,0.0,0.0,0.0,-0.011389815092814113,0.16314172869356702,0.00824540529590349,1.0,0.0,0.0,-0.08616571053746053,0.20878113586579278,0.04183003847867255,0.04495480169758509,0.0,0.0,0.014728515874775912,0.0,0.0,0.0,0.06070438725361336,0.0,0.0,0.0,0.0,0.0
TCHOL,0.0,0.0,0.0,0.0,0.0,0.0,0.0,0.0,0.0,0.0,0.0,1.0,0.7368976401827622,0.12811820046389066,0.1256729082133964,0.0,0.0,0.0,0.0,0.0,0.0,0.0,0.0,0.0,-0.0,0.0,-0.04735712334603745,0.0,0.0
LDL,0.0,0.0,-0.0,0.0,0.0,0.0,0.0,-0.0,0.0,0.0,0.0,0.7368976401827622,1.0,-0.045067284809220794,0.04997391542578941,0.0,0.0,0.0,0.0,0.0061695682167840675,0.0,0.0,-0.0,0.0,-0.0,0.0,-0.0,0.0,0.0
HDL,0.0,0.0,0.19103316067860474,-0.0,0.0,0.0,0.0,0.0,-0.018886762359553118,-0.0,-0.08616571053746053,0.12811820046389066,-0.045067284809220794,1.0,-0.2440118048895199,-0.00926891298598782,-0.0,0.0,0.0,0.0,0.0,0.0,0.0,0.0,0.0,0.0,0.0,0.0,0.0
TG,0.0,-0.0,-0.08979108213461687,0.0,0.0,0.0,0.0,-0.0,0.0,0.015024253067841765,0.20878113586579278,0.1256729082133964,0.04997391542578941,-0.2440118048895199,1.0,0.06081274621264454,0.0010429407111388787,0.0,0.0,0.05153332079881958,0.0,0.0,0.0,0.00915181108521878,0.0,0.0,-0.022258458815898077,0.0,0.0
WBC,0.0,0.0,-0.012619247574869713,0.0,0.0,0.0,0.0,0.0,0.0,0.020934457925520258,0.04183003847867255,0.0,0.0,-0.00926891298598782,0.06081274621264454,1.0,0.6114809999323789,0.30826546263751875,0.29099541178759064,0.03986131019018511,0.0,0.0,0.0,0.06139615582924252,0.0,0.0,0.0,0.0,0.0
NEUT_ABS,0.0,0.0,-0.07649533568295065,0.0,0.0,0.0,0.0,0.0,0.01880875076049039,0.0075443412667517175,0.04495480169758509,0.0,0.0,-0.0,0.0010429407111388787,0.6114809999323789,1.0,-0.0,0.038950402187463234,0.0,0.0,0.0,0.0,0.012650970703601567,0.0,0.0,0.0,0.0,0.0
LYMPH_ABS,0.0,0.0,0.0,0.0,0.0,0.0,0.0,-0.0,0.0,0.0,0.0,0.0,0.0,0.0,0.0,0.30826546263751875,-0.0,1.0,0.0,0.0,0.0,0.0,-0.0,0.0,0.0,0.0,0.0,0.0,0.0
MONO_ABS,0.0,0.0,0.0,0.011336984225039376,-0.0,0.0,-0.0,-0.0,0.0,0.0,0.0,0.0,0.0,0.0,0.0,0.29099541178759064,0.038950402187463234,0.0,1.0,0.0,0.0,0.0,0.0,0.03446641563777735,0.0,-0.0,0.0,0.0,0.0
PLT,0.0,0.0,-0.0,0.0,0.0,0.0,0.0,0.0,0.0,0.0,0.014728515874775912,0.0,0.0061695682167840675,0.0,0.05153332079881958,0.03986131019018511,0.0,0.0,0.0,1.0,0.0,-0.04686548728206566,-0.0301079394243304,0.7262592120726935,-0.040698763069653296,0.0,0.0,0.0,0.0
RDW,0.0,0.0,0.0,0.0,0.0,0.0,0.0,0.0,0.0,0.0,0.0,0.0,0.0,0.0,0.0,0.0,0.0,0.0,0.0,0.0,1.0,0.0,0.0,0.038203246557483535,0.0,0.0,0.0,0.0,0.0
MPV,0.0,0.0,0.0,0.0,0.0,0.0,-0.0,0.0,0.0,0.0,0.0,0.0,0.0,0.0,0.0,0.0,0.0,0.0,0.0,-0.04686548728206566,0.0,1.0,0.39420681147610753,0.010399843050423681,0.5268566479720487,0.0,0.0,0.0,0.0
PDW,0.0,0.0,0.0,-0.0,-0.0,0.0,-0.0,-0.0,0.0,0.0,0.0,0.0,-0.0,0.0,0.0,0.0,0.0,-0.0,0.0,-0.0301079394243304,0.0,0.39420681147610753,1.0,0.0,0.42438709759447035,0.0,0.0,0.0,0.0
PCT,0.0,0.0,-0.0,0.0,-0.0,0.0,0.0,-0.0,0.0,0.0,0.06070438725361336,0.0,0.0,0.0,0.00915181108521878,0.06139615582924252,0.012650970703601567,0.0,0.03446641563777735,0.7262592120726935,0.038203246557483535,0.010399843050423681,0.0,1.0,0.01814416219002466,0.0,0.0,0.0,0.0
PLCR,0.0,0.0,0.0,0.0,0.0,0.0,-0.0,0.0,0.0,0.0,0.0,-0.0,-0.0,0.0,0.0,0.0,0.0,0.0,0.0,-0.040698763069653296,0.0,0.5268566479720487,0.42438709759447035,0.01814416219002466,1.0,0.0,0.0,0.0,0.0
TSH,0.0,0.0,0.0,0.0,0.0,0.0,0.0,-0.0,0.0,0.0,0.0,0.0,0.0,0.0,0.0,0.0,0.0,0.0,-0.0,0.0,0.0,0.0,0.0,0.0,0.0,1.0,0.0,0.0,0.0
FT4,0.020032096496425632,0.0,0.0,0.0,0.0,0.0,0.0,0.0,0.0,0.0,0.0,-0.04735712334603745,-0.0,0.0,-0.022258458815898077,0.0,0.0,0.0,0.0,0.0,0.0,0.0,0.0,0.0,0.0,0.0,1.0,0.0,0.0
ATA_TPO,0.0,0.0,0.0,0.0,0.0,0.0,0.0,0.0,0.0,0.0,0.0,0.0,0.0,0.0,0.0,0.0,0.0,0.0,0.0,0.0,0.0,0.0,0.0,0.0,0.0,0.0,0.0,1.0,0.30562371780878184
ATA_TG,0.0,0.0,0.0,0.0,0.0,-0.19059664273906518,0.0,0.0,0.0,0.0,0.0,0.0,0.0,0.0,0.0,0.0,0.0,0.0,0.0,0.0,0.0,0.0,0.0,0.0,0.0,0.0,0.0,0.30562371780878184,1.0
