,LH,FSH,SHBG,DHEAS,AMH,ANDRO,CORT_8,CORT_23,GLU0,GLU120,INS0,TCHOL,LDL,HDL,TG,WBC,NEUT_ABS,LYMPH_ABS,MONO_ABS,PLT,RDW,MPV,PDW,PCT,PLCR,TSH,FT4,ATA_TPO,ATA_TG
LH,1.0,0.3130477812747279,0.0,0.0,0.20233959013297195,0.18157787773789977,0.0,0.0,0.0,0.0,0.0,0.0,0.0,0.0,0.0,0.0,0.0,-0.0,0.0,0.0,0.0,0.0,0.0,0.0,0.0,-0.0,0.04119588290605312,0.0,0.0
FSH,0.3130477812747279,1.0,0.04502075429646542,0.0,-0.07351371596940556,0.0,0.0,0.0,0.0,0.0,0.0,0.0,0.0,0.0,-0.0,-0.0,0.0,0.0,0.0,0.0,0.0,0.0,0.0,0.0,0.0,0.0,0.03509026918072977,0.0,0.0
SHBG,0.0,0.04502075429646542,1.0,-0.14832287139630104,0.0,0.0,0.0,0.0,0.0,-0.11116413219023193,-0.24909926720750086,0.0,0.0,0.18083869871969466,-0.09918601732293128,-0.021376933075518263,-0.05991344396006591,0.0,-0.0,-0.0,0.0,0.0,0.0,0.0,0.0,0.0,0.0,0.0,0.0
DHEAS,0.0,0.0,-0.14832287139630104,1.0,-0.0,0.12266655736288587,0.0,0.0,0.0,0.0,0.0,0.0,0.0,-0.0,0.0,0.0,0.0,0.0,0.019977407653921194,0.0,0.0,0.0,0.0,0.0,0.0,0.0,0.0,0.0,0.0
AMH,0.20233959013297195,-0.07351371596940556,0.0,-0.0,1.0,0.20159572776822998,0.0,0.0,0.0,0.0,0.0,0.0,0.0,0.0,0.0,0.0,-0.0,0.0,0.0,0.0,0.0,0.0,0.0,0.0,0.0,0.0,0.0,0.0,0.0
ANDRO,0.18157787773789977,0.0,0.0,0.12266655736288587,0.20159572776822998,1.0,0.0,0.0,0.0,0.0,0.0,0.0,0.0,0.0,0.0,0.0,0.0,0.0,0.0,0.0,0.0,0.0,0.0,0.0,0.0,0.0,0.0,0.0,-0.11570031516478078
CORT_8,0.0,0.0,0.0,0.0,0.0,0.0,1.0,0.05148687631568958,0.0,0.0,0.0,0.0,0.0,0.018199450127586784,0.0,0.0,0.0,0.0,0.0,0.0,0.0,-0.0,0.0,0.0,0.0,0.0,0.0,0.0,0.0
CORT_23,0.0,0.0,0.0,0.0,0.0,0.0,0.05148687631568958,1.0,0.0,0.0,-0.046492521277299775,0.0,0.0,0.0,0.0,0.0,0.0,0.0,0.0,0.0,0.0,0.0,0.0,0.0,0.0,0.0,0.0,0.0,0.0
GLU0,0.0,0.0,0.0,0.0,0.0,0.0,0.0,0.0,1.0,0.053311998732967956,0.1579321659865584,0.0,0.0,-0.03261952816407762,0.0039641952117077375,0.0,0.016690822454772363,0.0,0.0,0.0,0.0,0.0,0.0,0.004009753337357149,0.0,0.0,0.0,0.0,0.0
GLU120,0.0,0.0,-0.11116413219023193,0.0,0.0,0.0,0.0,0.0,0.053311998732967956,1.0,0.02291588261925736,0.0,0.0,-0.013153517742221522,0.03517492161778859,0.01708731024423737,0.006332428672257408,0.0,0.0,0.0,0.0,0.0,0.0,0.0,0.0,0.0,0.0,0.0,0.0
INS0,0.0,0.0,-0.24909926720750086,0.0,0.0,0.0,0.0,-0.046492521277299775,0.1579321659865584,0.02291588261925736,1.0,0.0,0.0,-0.08057565087215744,0.18934381898145575,0.05196165811260789,0.030669392705289546,0.0,0.0,0.007461463407911017,0.0003620634348507065,0.0,0.0,0.055716319299116454,0.0,0.0,0.0,0.0,-0.0
TCHOL,0.0,0.0,0.0,0.0,0.0,0.0,0.0,0.0,0.0,0.0,0.0,1.0,0.7673483098384126,0.1910410893488261,0.15827061601231415,0.0,0.0,0.0,0.0,0.0,0.0,0.0,0.0,0.0,0.0,0.012587019956680951,-0.06661042228163157,0.0,0.0
LDL,0.0,0.0,0.0,0.0,0.0,0.0,0.0,0.0,0.0,0.0,0.0,0.7673483098384126,1.0,-0.09033790257204995,0.029544460572463172,0.0,0.0,0.0,0.0,0.004867289115732464,0.0,0.0,0.0,0.0,0.0,0.0,-0.0,0.0,0.0
HDL,0.0,0.0,0.18083869871969466,-0.0,0.0,0.0,0.018199450127586784,0.0,-0.03261952816407762,-0.013153517742221522,-0.08057565087215744,0.1910410893488261,-0.09033790257204995,1.0,-0.2843690588793305,-0.010178823652653612,-0.0,0.0,0.0,-0.0,0.0,0.0,0.0,-0.0,0.0,0.0,0.0,0.0,0.0
TG,0.0,-0.0,-0.09918601732293128,0.0,0.0,0.0,0.0,0.0,0.0039641952117077375,0.03517492161778859,0.18934381898145575,0.15827061601231415,0.029544460572463172,-0.2843690588793305,1.0,0.04602996302360749,0.0030686422034507687,0.0,0.0,0.045987783404334646,0.0,0.0,0.0,0.0010109273906235442,0.0,0.0,-0.031763737553124165,0.0,0.0
WBC,0.0,-0.0,-0.021376933075518263,0.0,0.0,0.0,0.0,0.0,0.0,0.01708731024423737,0.05196165811260789,0.0,0.0,-0.010178823652653612,0.04602996302360749,1.0,0.6013143935326982,0.31496157491775,0.2794396834640023,0.042665017962490025,0.0,0.0,0.0,0.07198656801032338,0.0,0.0,0.0,0.0,0.0
NEUT_ABS,0.0,0.0,-0.05991344396006591,0.0,-0.0,0.0,0.0,0.0,0.016690822454772363,0.006332428672257408,0.030669392705289546,0.0,0.0,-0.0,0.0030686422034507687,0.6013143935326982,1.0,-0.0,0.07692875409996179,0.0,0.0,0.0,0.0,0.003916316964048577,0.0,0.0,0.0,0.0,0.0
LYMPH_ABS,-0.0,0.0,0.0,0.0,0.0,0.0,0.0,0.0,0.0,0.0,0.0,0.0,0.0,0.0,0.0,0.31496157491775,-0.0,1.0,0.0,0.0,0.0,0.0,0.0,0.0,0.0,0.0,0.0,0.0,0.0
MONO_ABS,0.0,0.0,-0.0,0.019977407653921194,0.0,0.0,0.0,0.0,0.0,0.0,0.0,0.0,0.0,0.0,0.0,0.2794396834640023,0.07692875409996179,0.0,1.0,0.0,0.0,0.0,0.0,0.0296950704925971,0.0,0.0,0.0,0.0,0.0
PLT,0.0,0.0,-0.0,0.0,0.0,0.0,0.0,0.0,0.0,0.0,0.007461463407911017,0.0,0.004867289115732464,-0.0,0.045987783404334646,0.042665017962490025,0.0,0.0,0.0,1.0,0.0,-0.05991251080562606,-0.025788087012587488,0.7599000129659252,-0.0580950122547036,0.0,0.0,0.0,0.0
RDW,0.0,0.0,0.0,0.0,0.0,0.0,0.0,0.0,0.0,0.0,0.0003620634348507065,0.0,0.0,0.0,0.0,0.0,0.0,0.0,0.0,0.0,1.0,0.0,0.0,0.06370945921566751,0.0,0.0,0.0,0.0,0.0
MPV,0.0,0.0,0.0,0.0,0.0,0.0,-0.0,0.0,0.0,0.0,0.0,0.0,0.0,0.0,0.0,0.0,0.0,0.0,0.0,-0.05991251080562606,0.0,1.0,0.3934948675621612,0.03125644194131647,0.5419696304565712,0.0,0.0,0.0,0.0
PDW,0.0,0.0,0.0,0.0,0.0,0.0,0.0,0.0,0.0,0.0,0.0,0.0,0.0,0.0,0.0,0.0,0.0,0.0,0.0,-0.025788087012587488,0.0,0.3934948675621612,1.0,0.0,0.42955733740235097,0.0,0.0,0.0,0.0
PCT,0.0,0.0,0.0,0.0,0.0,0.0,0.0,0.0,0.004009753337357149,0.0,0.055716319299116454,0.0,0.0,-0.0,0.0010109273906235442,0.07198656801032338,0.003916316964048577,0.0,0.0296950704925971,0.7599000129659252,0.06370945921566751,0.03125644194131647,0.0,1.0,0.03752877785944284,0.0,0.0,0.0,0.0
PLCR,0.0,0.0,0.0,0.0,0.0,0.0,0.0,0.0,0.0,0.0,0.0,0.0,0.0,0.0,0.0,0.0,0.0,0.0,0.0,-0.0580950122547036,0.0,0.5419696304565712,0.42955733740235097,0.03752877785944284,1.0,0.0,0.0,0.0,0.0
TSH,-0.0,0.0,0.0,0.0,0.0,0.0,0.0,0.0,0.0,0.0,0.0,0.012587019956680951,0.0,0.0,0.0,0.0,0.0,0.0,0.0,0.0,0.0,0.0,0.0,0.0,0.0,1.0,0.0,0.0,0.0
FT4,0.04119588290605312,0.03509026918072977,0.0,0.0,0.0,0.0,0.0,0.0,0.0,0.0,0.0,-0.06661042228163157,-0.0,0.0,-0.031763737553124165,0.0,0.0,0.0,0.0,0.0,0.0,0.0,0.0,0.0,0.0,0.0,1.0,0.0,0.0
ATA_TPO,0.0,0.0,0.0,0.0,0.0,0.0,0.0,0.0,0.0,0.0,0.0,0.0,0.0,0.0,0.0,0.0,0.0,0.0,0.0,0.0,0.0,0.0,0.0,0.0,0.0,0.0,0.0,1.0,0.30887288152266323
ATA_TG,0.0,0.0,0.0,0.0,0.0,-0.11570031516478078,0.0,0.0,0.0,0.0,-0.0,0.0,0.0,0.0,0.0,0.0,0.0,0.0,0.0,0.0,0.0,0.0,0.0,0.0,0.0,0.0,0.0,0.30887288152266323,1.0
